70423940888613434
52138203553799779
58185544698962902
93883127155535241
17676852907467812
30875746203633781
28915747398840698
92809510396202629
48975433231542990
32487615715619009
12835491929640001
69773998578142927
99913132459542520
79158276907574682
65337546613878737
69543852403246859
12570131387901954
94745414235283779
39400725737282532
802639883018439327716440646067931274687
13922941708278886288628414079242543369543530321
853987627752686618810193041559492306791
4167236702078688403504172180853083139812291126
